pi
3.1384
3.1608
3.1324
3.1136
3.1392
3.1324
3.1436
3.1228
3.0936
3.1364
3.1192
3.1448
3.1536
3.1312
3.1424
3.1432
3.1408
3.1652
3.1516
3.134
3.1212
3.1492
3.152
3.16
3.1416
3.1444
3.1472
3.1444
3.1092
3.1208
3.1524
3.1812
3.1536
3.1464
3.1704
3.1048
3.1576
3.164
3.118
3.1368
3.1476
3.1452
3.1412
3.1408
3.1448
3.1624
3.124
3.1304
3.1652
3.132
3.148
3.1336
3.1284
3.1592
3.148
3.1564
3.1428
3.1376
3.1312
3.1476
3.1404
3.1436
3.1412
3.1708
3.1252
3.1356
3.1264
3.1368
3.1492
3.114
3.1636
3.1344
3.138
3.14
3.1244
3.1336
3.1272
3.1184
3.1372
3.0928
3.1336
3.1332
3.124
3.1424
3.1376
3.148
3.134
3.1248
3.1352
3.1276
3.1572
3.1428
3.138
3.1496
3.1552
3.1536
3.1368
3.1284
3.136
3.176
